$ 1 0.000005 10.20027730826997 53 15 45
t 208 256 240 256 0 1 0.982078907346933 1 100
t 208 352 240 352 0 1 -119.98207890734693 0 100
w 240 208 240 240 0
w 240 272 240 304 0
w 240 304 240 336 0
w 240 368 240 400 0
w 240 400 112 400 0
v 176 240 208 240 4 5 40 1 0 2.0943951023931953 0.5
v 176 336 208 336 4 5 40 1 0 -1.0471975511965976 0.5
w 208 240 208 256 0
w 176 240 176 272 0
w 176 272 208 272 0
w 208 272 240 304 0
w 208 336 208 352 0
w 176 336 176 368 0
w 176 368 208 368 0
w 208 368 240 400 0
w 112 208 240 208 0
d 112 304 112 208 2 default
d 112 400 112 304 2 default
w 112 304 240 304 0
w -304 304 -176 304 0
d -304 400 -304 304 2 default
d -304 304 -304 208 2 default
w -304 208 -176 208 0
w -208 368 -176 400 0
w -240 368 -208 368 0
w -240 336 -240 368 0
w -208 336 -208 352 0
w -208 272 -176 304 0
w -240 272 -208 272 0
w -240 240 -240 272 0
w -208 240 -208 256 0
v -240 336 -208 336 4 5 40 1 0 1.0471975511965976 0.5
v -240 240 -208 240 4 5 40 1 0 -2.0943951023931953 0.5
w -176 400 -304 400 0
w -176 368 -176 400 0
w -176 304 -176 336 0
w -176 272 -176 304 0
w -176 208 -176 240 0
t -208 352 -176 352 0 1 0.9821085200059514 0.9999999999999574 100
t -208 256 -176 256 0 1 -119.98210852000595 4.263256414560601e-14 100
w -96 304 32 304 0
d -96 400 -96 304 2 default
d -96 304 -96 208 2 default
w -96 208 32 208 0
w 0 368 32 400 0
w -32 368 0 368 0
w -32 336 -32 368 0
w 0 336 0 352 0
w 0 272 32 304 0
w -32 272 0 272 0
w -32 240 -32 272 0
w 0 240 0 256 0
v -32 336 0 336 4 5 40 1 0 -3.141592653589793 0.5
v -32 240 0 240 4 5 40 1 0 0 0.5
w 32 400 -96 400 0
w 32 368 32 400 0
w 32 304 32 336 0
w 32 272 32 304 0
w 32 208 32 240 0
t 0 352 32 352 0 1 0.9820420933613434 0.9999999999999858 100
t 0 256 32 256 0 1 -119.98204209336133 2.842170943040401e-14 100
w 240 304 288 304 0
w 32 304 80 304 0
w -176 304 -128 304 0
r 64 480 80 464 0 10
r 80 464 96 480 0 10
r 96 512 48 496 0 10
w -176 400 -96 400 0
w 32 400 112 400 0
w 288 528 288 304 0
w 80 304 80 464 0
w -128 304 -128 432 0
w -176 208 -96 208 0
w 32 208 112 208 0
w -304 208 -368 208 0
v -368 400 -368 208 0 0 40 120 0 0 0.5
w -304 400 -368 400 0
w -128 432 -128 528 0
w -320 752 -160 752 0
w 128 576 288 576 0
w 288 576 288 528 0
w 32 576 -128 576 0
w -128 576 -128 528 0
w 32 576 48 496 0
w 128 576 112 512 0
l 112 512 96 480 0 0.1 1.822217037268064
l 112 512 96 512 0 0.1 -3.5323404856261944
l 48 496 64 480 0 0.1 5.2564384113551315
o 67 8 0 20483 40 6.4 0 2 67 3
o 68 8 0 20483 40 6.4 0 2 68 3
o 66 8 0 20483 40 6.4 0 2 66 3
o 87 8 3 20482 320 0.1 1 1
