$ 1 0.000005 1.8479586061009856 32 5 43
v 224 608 224 528 0 1 60 220 0 0.5235987755982988 0.5
v 1328 400 1328 240 4 5 60 2 0 -1.2217304763960306 0.15
d 1280 272 1136 272 2 default
v 192 608 192 512 0 1 60 220 0 2.6179938779914944 0.5
177 288 160 368 160 1 -368.9119185613178 -368.91291856131784 0.003 0.001 0.000001
d 1232 240 1136 240 2 default
w 192 608 224 608 0
v 1280 400 1280 272 4 5 60 2 0 -3.3161255787892263 0.15
w 1328 240 1232 240 0
177 288 256 368 256 1 -117.51744816051266 -117.51844816051263 0.003 0.001 0.000001
v 256 608 256 560 0 1 60 220 0 4.71238898038469 0.5
w 256 608 224 608 0
v 1232 400 1232 320 4 5 60 2 0 0.8726646259971648 0.15
d 1232 320 1136 320 2 default
w 1056 240 976 240 0
w 1072 272 976 272 0
w 1072 320 960 320 0
w 224 208 288 208 0
w 192 208 224 208 0
w 256 464 256 160 0
w 224 384 224 208 0
w 192 352 192 256 0
w 192 160 256 160 0
r 1136 272 1072 272 0 1
r 1136 320 1072 320 0 1
v 448 256 448 224 4 5 60 0.001 0 0 0.8
v 448 208 448 176 4 5 60 0.001 0 -2.0943951023931953 0.8
v 448 160 448 128 4 5 60 0.001 0 2.0943951023931953 0.8
w 448 160 368 160 0
w 448 176 352 176 1
w 448 208 368 208 0
w 448 224 352 224 1
w 448 256 368 256 0
w 256 560 256 464 0
w 224 528 224 464 0
w 192 512 192 464 0
w 112 256 112 208 0
w 112 208 112 160 0
w 368 256 368 208 0
w 368 208 368 160 0
w 288 256 192 256 0
w 256 160 288 160 0
w 448 128 352 128 1
d -80 432 0 432 2 default
d -80 480 0 480 2 default
w 368 160 368 80 0
r 368 16 240 16 0 1
w 112 80 112 160 0
p 304 112 352 112 1 0
w 352 112 368 160 0
w 304 112 288 160 0
177 112 256 192 256 1 -246.61697807162923 -246.61797807162924 0.003 0.001 0.000001
177 112 160 192 160 1 4.777492329175914 4.7774923291759706 0.003 0.001 0.000001
177 112 208 192 208 1 -368.9129185614546 -368.9139185614547 0.003 0.001 0.000001
w 192 208 192 192 0
w 192 160 192 144 0
w 192 256 192 240 0
v 0 144 0 128 4 5 60 0.001 0 -1.0471975511965976 0.8
v 0 192 0 176 4 5 60 0.001 0 1.0471975511965976 0.8
v 0 240 0 224 4 5 60 0.001 0 3.141592653589793 0.8
w 0 128 176 128 1
w 0 144 192 144 0
w 0 176 176 176 1
w 0 192 192 192 0
w 0 224 176 224 1
w 0 240 192 240 0
177 288 208 368 208 1 4.778492329312741 4.777492329312764 0.003 0.001 0.000001
s 432 496 432 464 0 0 false
s 400 496 400 464 0 0 false
s 368 496 368 464 0 0 false
w 224 464 224 384 0
w 192 352 192 464 0
x 166 583 172 586 4 12 1
v -128 240 -128 224 4 5 60 1 0 2.0943951023931953 0.1
v -128 192 -128 176 4 5 60 1 0 0 0.1
v -128 144 -128 128 4 5 60 1 0 -2.0943951023931953 0.1
l 512 400 512 432 0 1 0
l 480 400 480 432 0 1 0
l 448 400 448 432 0 1 0
d 304 -64 560 -64 2 default
w 368 80 368 16 0
w 112 16 112 80 0
l 240 16 112 16 0 0.001 349.3948746869225
w 240 16 240 -32 0
w 240 -80 112 -80 0
w 112 -32 112 16 0
s 112 -32 240 -32 0 1 false
o 46 64 0 20483 640 409.6 0 2 46 3
o 71 64 0 20483 320 409.6 1 2 71 3
o 70 64 0 20483 320 409.6 2 2 70 3
o 19 64 0 20483 320 409.6 3 2 19 3
o 27 64 0 20483 0.00244140625 1638.4 4 2 27 3
38 3 4 1 180 Phase\sOffset
