$ 1 0.000005 6.450009306485578 32 5 43
v 224 608 224 528 0 1 60 220 0 -2.0943951023931953 0.5
v 1328 400 1328 240 4 5 60 2 0 -1.2217304763960306 0.15
d 1280 272 1136 272 2 default
v 192 608 192 512 0 1 60 220 0 0 0.5
d 1232 240 1136 240 2 default
w 192 608 224 608 0
v 1280 400 1280 272 4 5 60 2 0 -3.3161255787892263 0.15
w 1328 240 1232 240 0
w 256 640 224 640 0
v 1232 400 1232 320 4 5 60 2 0 0.8726646259971648 0.15
d 1232 320 1136 320 2 default
w 1056 240 976 240 0
w 1072 272 976 272 0
w 1072 320 960 320 0
r 1136 272 1072 272 0 1
r 1136 320 1072 320 0 1
w 256 544 256 464 0
w 224 528 224 464 0
w 192 512 192 464 0
w 224 464 224 416 0
w 192 352 192 464 0
x 166 583 172 586 4 12 1
v 256 608 256 544 0 1 60 220 0 2.0943951023931953 0.5
177 224 416 384 384 1 2.050134435647877 1.0501344356478768 0.01 0.0082 50
177 192 352 384 336 1 -8.323517199359074 -8.323517199359074 0.01 0.0082 50
d 256 464 384 464 2 default
w 384 352 384 416 0
w 384 416 384 464 0
r 384 416 448 416 0 10
w 448 416 448 608 0
w 448 608 256 608 0
v 384 304 320 304 4 5 60 1 0 -0.5235987755982988 0.1
w 320 304 320 320 0
w 384 304 384 352 0
v 368 384 336 384 4 5 60 1 0 -2.6179938779914944 0.1
w 368 384 384 416 0
w 256 608 224 608 0
p 192 304 256 304 1 0
w 256 304 384 352 0
w 192 304 192 352 0
o 31 64 0 20483 1.25 25.6 0 2 31 3
o 28 64 0 20483 320 25.6 1 2 28 3
o 37 64 0 20483 640 0.1 2 1
38 3 4 1 180 Phase\sOffset
