$ 1 0.000005 10.20027730826997 32 5 43
v 224 608 224 528 0 1 60 220 0 -1.0471975511965976 0.5
v 192 608 192 512 0 1 60 220 0 1.0471975511965976 0.5
w 192 608 224 608 0
177 288 256 368 256 1 -278.91226570770255 -278.9132657077026 0.003 0.001 0.000001
w 256 608 224 608 0
w 224 208 288 208 0
w 192 208 224 208 0
w 256 464 256 160 0
w 224 384 224 208 0
w 192 352 192 256 0
w 192 160 256 160 0
v 448 256 448 224 4 5 60 0.001 0 0 0.8
v 448 208 448 176 4 5 60 0.001 0 -2.0943951023931953 0.8
w 448 176 352 176 1
w 448 208 368 208 0
w 448 224 352 224 1
w 448 256 368 256 0
w 256 560 256 464 0
w 224 528 224 464 0
w 192 512 192 464 0
w 112 256 112 208 0
w 112 208 112 160 0
w 368 256 368 208 0
w 368 208 368 160 0
w 288 256 192 256 0
w 256 160 288 160 0
d -80 432 0 432 2 default
d -80 480 0 480 2 default
w 368 160 368 80 0
r 368 16 240 16 0 1
w 112 80 112 160 0
177 112 256 192 256 1 -77.25625057129551 -77.2562505712955 0.003 0.001 0.000001
177 112 208 192 208 1 -361.0191251251973 -361.0201251251974 0.003 0.001 0.000001
w 192 208 192 192 0
w 192 256 192 240 0
v 0 192 0 176 4 5 60 0.001 0 1.0471975511965976 0.8
v 0 240 0 224 4 5 60 0.001 0 3.141592653589793 0.8
w 0 176 176 176 1
w 0 192 192 192 0
w 0 224 176 224 1
w 0 240 192 240 0
177 288 208 368 208 1 4.850608846199293 4.84960884619926 0.003 0.001 0.000001
w 224 464 224 384 0
w 192 352 192 464 0
x 166 583 172 586 4 12 1
w 368 80 368 16 0
w 112 16 112 80 0
w 240 16 240 -32 0
w 112 -32 112 16 0
s 112 -32 240 -32 0 0 false
v 256 608 256 560 0 1 60 220 0 3.141592653589793 0.5
d 112 160 192 160 2 default
d 288 160 368 160 2 default
o 29 64 0 20483 640 819.2 0 2 29 3
38 1 4 1 180 Phase\sOffset
