$ 1 0.000005 3.1763992386181834 26 15 45
v 80 400 80 304 0 0 40 120 0 0 0.5
v 80 304 80 208 0 0 40 120 0 0 0.5
w 80 208 112 208 0
t 208 256 240 256 0 1 0.9819710813594327 1.0000000000000568 100
t 208 352 240 352 0 1 -239.98197108135938 0 100
w 240 208 240 240 0
w 240 272 240 304 0
w 240 304 240 336 0
w 528 304 592 304 0
d 592 304 592 208 2 default
w 592 208 528 208 0
d 592 400 592 304 2 default
w 240 368 240 400 0
w 528 400 592 400 0
w 240 400 112 400 0
r 336 304 528 304 0 10
v 176 240 208 240 4 5 40 1 0 0 0.5
v 176 336 208 336 4 5 40 1 0 -3.141592653589793 0.5
l 336 304 240 304 0 0.001 -23.996394216271803
w 208 240 208 256 0
w 176 240 176 272 0
w 176 272 208 272 0
w 208 272 240 304 0
w 208 336 208 352 0
w 176 336 176 368 0
w 176 368 208 368 0
w 208 368 240 400 0
w 112 208 240 208 0
w 112 400 80 400 0
w 496 368 528 400 0
w 464 368 496 368 0
w 464 336 464 368 0
w 496 336 496 352 0
w 496 272 528 304 0
w 464 272 496 272 0
w 464 240 464 272 0
w 496 240 496 256 0
v 464 336 496 336 4 5 40 1 0 0 0.5
v 464 240 496 240 4 5 40 1 0 -3.141592653589793 0.5
w 528 368 528 400 0
w 528 304 528 336 0
w 528 272 528 304 0
w 528 208 528 240 0
t 496 352 528 352 0 1 0.9819710813593525 1 100
t 496 256 528 256 0 1 -239.98197108135935 0 100
w 528 400 240 400 0
w 240 208 528 208 0
d 112 304 112 208 2 default
d 112 400 112 304 2 default
w 112 304 240 304 0
403 272 320 448 368 0 15_8_0_20483_320_25.6_0_2_15_3
403 112 144 240 208 0 27_8_0_20481_160_25.6_1_2_27_3
403 608 224 736 288 0 9_8_0_20483_320_0.00009765625_0_2_9_3
o 47 8 0 20481 5 0.00009765625 0 2 47 3
38 18 0 0.001 0.1 Inductance
