$ 1 0.000005 12.050203812241895 50 5 43
v 176 240 176 176 0 0 40 5 0 0 0.5
s 176 176 288 176 0 1 false
d 288 240 288 176 2 default
w 288 176 336 176 0
l 336 176 336 208 0 0.08614000000000001 0
r 336 208 336 240 0 32.68
w 336 240 288 240 0
w 288 240 176 240 0
v 176 384 176 336 0 0 40 5 0 0 0.5
l 176 336 256 336 0 0.024760000000000004 4.357936217725853
s 256 336 256 384 0 0 false
w 256 384 176 384 0
d 256 336 320 336 2 default
c 320 336 320 384 0 0.00001 0
w 320 384 256 384 0
w 320 336 384 336 0
r 384 336 384 384 0 20.8
w 384 384 320 384 0
s 608 240 608 288 0 1 false
x 91 366 149 369 4 24 boost
x 96 199 146 202 4 24 buck
403 336 416 464 480 0 16_64_0_20483_1280_51.2_1_2_16_3
403 144 416 272 480 0 9_64_0_4103_1280_51.2_1_2_9_3
403 304 96 480 160 0 5_64_0_20483_5_0.1_0_2_5_3
403 144 96 288 144 0 2_64_0_4103_0.0000762939453125_0.00009765625_0_2_2_3
38 4 0 0.001 0.1 Indutor\sdo\sBuck
38 9 0 0.001 0.1 Indutor\sdo\sBoost
38 5 0 1 100 Resistor\sdo\sBuck
38 16 0 1 100 Resistor\sdo\sBoost
