$ 1 0.000005 14.841315910257661 36 5 43
v 224 288 224 208 0 1 40 120 0 0.7853981633974483 0.5
r 416 208 416 240 0 10
w 416 288 224 288 0
177 352 208 416 208 1 -201.83270167507496 -201.8327015464985 0.00009999999999999999 0.00009999999999999999 3
r 416 176 480 176 0 1
v 560 208 560 176 4 5 40 0.5 0 0 0.03
w 480 208 416 208 0
w 560 208 480 208 0
w 560 176 480 176 0
w 560 96 480 96 0
w 560 128 480 128 0
w 480 128 416 128 0
v 560 128 560 96 4 5 40 0.5 0 -2.0943951023931953 0.03
r 416 96 480 96 0 1
177 352 128 416 128 1 5.8967069813303965 1.0259487057554963 0.00009999999999999999 0.00009999999999999999 1
w 560 16 480 16 0
w 560 48 480 48 0
w 480 48 416 48 0
v 560 48 560 16 4 5 40 0.5 0 -4.1887902047863905 0.03
r 416 16 480 16 0 1
177 352 48 416 48 1 -91.93727728652793 -91.93727720081064 0.00009999999999999999 0.00009999999999999999 1
v 96 288 96 208 0 1 40 120 0 -3.4033920413889422 0.5
v 160 288 160 208 0 1 40 120 0 -1.3089969389957472 0.5
w 160 208 160 128 0
w 96 208 96 48 0
w 224 288 160 288 0
w 160 288 96 288 0
w 224 208 352 208 0
w 160 128 352 128 0
w 96 48 352 48 3
w 416 128 416 48 0
w 416 128 416 208 0
l 416 240 416 288 0 0.001 9.7415162082799
p 368 -16 320 -16 1 1
w 368 -16 416 48 0
w 320 -16 352 48 0
o 1 64 0 20482 160 0.1 0 2 0 0
o 5 64 0 20482 0.625 0.1 0 2 5 3
o 12 64 0 20482 0.625 0.1 0 2 12 3
o 18 64 0 20482 0.625 0.1 0 2 18 3
o 33 64 0 20482 320 0.1 0 1
o 32 64 0 20483 160 12.8 0 2 32 3
38 32 0 0.001 0.1 Inductance
