$ 1 0.000005 10.20027730826997 53 15 45
v 144 176 144 144 0 0 40 120 0 0 0.5
r 256 176 336 176 0 10
g 336 304 336 336 0
g 144 176 144 208 0
t 224 160 256 160 0 1 0.9820214712628399 1.0000000000000284 100
v 224 240 224 160 4 5 60 1 0 0 0.5
w 144 144 256 144 0
w 256 240 224 240 0
t 304 224 336 224 0 1 0.9820214712628167 1 100
w 336 176 336 208 0
w 256 240 256 176 0
w 336 304 336 240 0
w 336 304 304 304 0
v 304 304 304 224 4 5 60 1 0 0 0.5
w 400 160 464 160 0
w 464 192 432 192 0
v 464 192 464 160 4 5 60 1 0 -3.141592653589793 0.5
w 256 144 368 144 0
t 400 160 368 160 0 1 -119.98202147126281 -6.938893903907228e-18 100
w 368 176 336 176 0
w 432 192 368 192 0
w 368 192 368 176 0
w 256 240 256 400 0
w 256 448 256 432 0
w 320 448 256 448 0
t 288 416 256 416 0 1 -119.98202147126281 0 100
v 352 448 352 416 4 5 60 1 0 -3.141592653589793 0.5
w 352 448 320 448 0
w 288 416 352 416 0
g 256 448 256 480 0
o 1 8 0 20482 160 0.4 0 2 1 3
