$ 1 0.000005 2.922428378123494 36 5 43
v 224 304 224 224 0 1 40 120 0 3.839724354387525 0.5
v 560 208 560 176 4 5 40 0.5 0 0 0.2
w 480 208 416 208 0
w 560 208 480 208 0
w 560 176 400 176 0
v 96 304 96 224 0 1 40 120 0 1.7453292519943295 0.5
v 160 304 160 224 0 1 40 120 0 -0.3490658503988659 0.5
w 224 304 160 304 0
w 160 304 96 304 0
177 320 208 416 208 1 1.453708977309219 0.9537089773092333 0.003 0.001 1
177 -16 208 48 208 1 -57.395700866044095 -57.39570086604414 0.003 0.001 1
177 -16 112 48 112 1 0.9537061265364066 0.9537061265364066 0.003 0.001 1
177 -16 32 48 32 1 144.54042780296987 144.54042780296987 0.003 0.001 1
v -64 32 -64 0 4 5 40 0.5 0 -1.0471975511965976 0.2
v -64 112 -64 80 4 5 40 0.5 0 1.0471975511965976 0.2
v -64 208 -64 176 4 5 40 0.5 0 3.141592653589793 0.2
w 48 208 32 224 0
w 32 224 -64 224 0
w -64 224 -64 208 0
w -64 176 48 176 0
w 48 112 32 128 0
w 32 128 -64 128 0
w -64 128 -64 112 0
w 48 80 -64 80 0
w 48 0 -64 0 0
w 48 32 32 48 0
w 32 48 -64 48 0
w -64 48 -64 32 0
177 320 112 416 112 1 -56.895698015271286 -56.8956980152713 0.003 0.001 1
w 560 80 400 80 0
w 560 112 480 112 0
w 480 112 416 112 0
v 560 112 560 80 4 5 40 0.5 0 -2.0943951023931953 0.2
177 320 32 416 32 1 -200.48241969170476 -200.48241969170476 0.003 0.001 1
w 560 0 400 0 0
w 560 32 480 32 0
w 480 32 416 32 0
v 560 32 560 0 4 5 40 0.5 0 2.0943951023931953 0.2
w 416 112 416 208 0
w 416 112 416 32 0
w 416 -64 416 32 0
w -16 -64 -16 32 0
r 416 -64 -16 -64 0 10
w 224 224 224 32 0
w 160 224 160 112 0
w 96 224 96 208 0
w -16 208 -16 112 0
w -16 112 -16 32 0
w 48 208 96 208 0
w 96 208 320 208 0
w 48 112 160 112 0
w 160 112 320 112 0
w 48 32 224 32 0
w 224 32 320 32 0
p 304 0 352 0 1 0
w 352 0 416 32 0
w 304 0 320 32 0
l -32 -96 -160 -96 0 1 0
x -139 329 288 332 4 24 angulo\sde\scondução\sneste\scircuito\s\q\s70°
o 42 64 0 20483 320 25.6 0 2 42 3
o 54 64 0 20482 1280 0.1 0 1
